module cv32e40p_mult_0 ( clk, rst_n, enable_i, operator_i[2:0], short_subword_i[i], 
        short_signed_i[1:0], op_a_i, op_b_i, op_c_i, imm_i, dot_signed_i, 
        dot_op_a_i, dot_op_b_i, dot_op_c_i, is_clpx_i, clpx_shift_i, 
        clpx_img_i, result_o, multicycle_o, mulh_active_o, ready_o, ex_ready_i
 );

001100110 0011001101 0111010010 0100100110 1
111000010 1110111011 0001100111 1111000101 1

011100000 0100101111 0010010110 0001100101 0
110111110 0100101111 1101100011 0101000110 0

011101101 1001000010 0011111111 1011100010 1
110111001 1101111000 0001001000 1111000111 1

110010100 0111111100 1101111100 0101010010 0
100000100 0111100000 0110111100 0001101100 0

Time 0: period = 100
 Time 0: force_all_pis =
     0011100100 1|001100110 0011001101 0111010010 0100100110 1|111000010 1110111011
     0001100111 1111000101 1|010011001 0001101010 0110110011 0001001111 0000011001
     0001011111 1010000001 0001001111 1110000100 1111001010 0000101010 0000011101
     000
 Time 200: force_all_pis =
     0010000110 1011100000 0100101111 0010010110 0001100101 0110111110 0100101111
     1101100011 0101000110 0000000000 1110100011 0000111010 1010110011 0010100001
     1111011100 1111111100 0000001010 1110000001 0011000101 0100001110 0100101011
     110
 Time 340: measure_all_pos =1011100111 1001000010 1111110001 010Z1
 Pattern 2 (full_sequential)
 Time 0: period = 100
 Time 0: force_all_pis =
     0010101111 0011101101 1001000010 0011111111 1011100010 1110111001 1101111000
     0001001000 1111000111 1000100001 1001110010 0101001110 1101001110 1100100001
     1010010010 0100110100 0001101011 0000110010 1010111001 1000110001 0001111011
     101 ---
 Time 200: force_all_pis =
     0111100101 1110010100 0111111100 1101111100 0101010010 0100000100 0111100000
     0110111100 0001101100 0011011110 1001100101 0100011111 0100100101 1110001001
     0110001111 1111101010 1001111110 0110000111 1111100101 1011001110 0100000100
     101 -----
 Time 400: force_all_pis =
     1101101000 0101000110 1010011111 0001111000 0000010100 1001101000 1111001000
     0010011000 1111000000 1001001001 0001001100 1001101100 0101101100 0101101000
     1111000001 1101001111 0000101101 1001100110 1100000111 0010100011 1011000111
     011
 Time 600: force_all_pis =
     0101001011 1111011111 1110001011 0111110110 1001011000 1001110011 0001010001
     0110011111 1011111101 0010100100 0110001110 1010010011 1101110110 1111001001
     1110101011 1111110100 1111000111 1100101100 1111001011 0001110111 0011010101
     011
 Time 800: force_all_pis =
     1110100001 0111000110 0001010001 1010011100 0011001101 1011100001 1010011010
     1100000111 1010100001 1001110001 1100100001 1010001111 0100110101 0100111011
     1101000101 0010001111 1000010110 0101111111 0100100100 0110010110 0111110011
     010
 Time 1000: force_all_pis =
     0110011110 1010001000 0000111101 0010010001 1110101001 0100000000 0111001011
     1111001000 0001100101 1111010111 1010011001 0011111101 0100110000 0000101100
     0000100101 0111100110 0100010001 1111001100 0101110111 1011010111 0001001011
     100
 Time 1200: force_all_pis =
     1110110000 1100100010 0011010010 1011111111 1111111010 1100001010 1001100010
     1111100100 0110110000 1101000010 0011000100 1111100110 1110110001 1101011110
     1111011111 0100010011 1011100011 0100011011 0110000110 0110111010 1110101111
     100
 Time 1400: force_all_pis =
     0101100100 0100111011 0000000100 1011000001 0001000100 1001011100 1001110100
     0011111000 0111000110 1011100101 1001001010 1111101010 1100000000 1100001001
     0000001010 1011010100 0010010010 1001101011 0001011100 0000100001 1000100010
     101
 Time 1600: force_all_pis =
     1101110011 1011100100 1010101001 1001000101 1010000000 0000100000 0111001000
     1111111100 0110100000 1101110101 1100101100 1100001001 1110111011 0110110101
     1101101000 1001001011 1000000000 0011101001 1001011100 0001001100 1000010101
     101
 Time 1740: measure_all_pos =1110111111 1101010010 0001000011 010Z1
 Pattern 3 (full_sequential)
 Time 0: period = 100
 Time 0: force_all_pis =
     1110101111 0001010001 0011111011 1111111110 0010111001 1110001000 1011010101
     0110010111 1011111000 1010111011 1010011111 0011010001 1000101000 0011000101
     0100111110 1101110000 1101101001 0001111001 0111011010 0100111010 0110010001
     110
 Time 200: force_all_pis =
     1111101000 0001010011 0101000110 1110011000 1110011000 1110001111 0010101001
     1111111010 1101000100 1010101010 1001110011 0101111011 0100101110 1001010101
     1111101000 1100100010 1001010110 0111000100 1000010010 0011110011 1101100000
     110
 Time 400: force_all_pis =
     1001110111 1001010100 1001101000 1111110110 0101000000 0110010101 0111000011
     0100001101 0110111110 1011110110 1001000111 1010111001 1010011011 0111010001
     1001011011 0010100001 0011001001 1110110111 1010101111 1011001110 1000010000
     110
 Time 600: force_all_pis =
     0010001100 1001010100 1110010011 1100111110 1101001101 0011000001 1010110001
     0110010011 1001100101 0110011010 0010010100 1111101010 0001100111 0101111001
     1110010110 0000001101 1011100100 0101011011 0010100111 0011010010 0011000011
     111
 Time 740: measure_all_pos =0011111101 0001001010 0010001000 110Z1
 Pattern 4 (full_sequential)
 Time 0: period = 100
 Time 0: force_all_pis =
     1110010001 1111111111 1101001111 0001010000 1001010001 1011101010 1000000101
     0011001100 0101010100 1100000110 0100111011 1001001001 0010000011 1000011101
     1011010101 0101010001 0110001100 1101000110 1110000100 1010001101 1101010100
     010
 Time 200: force_all_pis =
     1110010001 1000111001 0001001000 0111100010 1101010111 1100101001 0011111011
     1001010000 0111010010 0001111101 1010011000 1001100010 1100101010 1110001101
     0111100111 0000001011 1110100111 0101001011 0110011100 1100001111 1010000100
     100
 Time 340: measure_all_pos =0011000011 1001110101 0000000000 000Z1
 Pattern 5 (full_sequential)
 Time 0: period = 100
 Time 0: force_all_pis =
     0010110110 0100110110 1101100011 1111110010 1001001101 0100000010 0000000101
     0101101010 1110011000 0011011000 0001100111 0001110101 0110100101 1110100110
     1011101100 1100011100 0010111101 0011001001 0110001000 0110010111 0100100111
     111
 Time 200: force_all_pis =
     0010110101 1110011011 1110111011 1010000001 0100100110 1011110110 0111100101
     1111011011 1111100001 1011101010 0010110000 1111011001 1011000100 0011100011
     1000001101 0001000010 0101111011 1000001011 0011000011 1100010101 1101100111
     010
 Time 340: measure_all_pos =1000110111 0011000000 1110101000 110Z1